0000000   #       c   :   \   U   s   e   r   s   \   r   a   y   s   m
0000016   \   w   o   r   k   s   p   a   c   e   \   p   y   t   h   o
0000032   n   \   c   r   s   _   d   o   t   s   \   g   m   r   e   s
0000048   \   d   o   t   s   g   a   m   e   _   2   0   1   9   0   9
0000064   0   5   _   1   6   5   0   0   5   .   g   m   r   e   s  \r
0000080  \n   #       O   n   :       S   e   p   t   e   m   b   e   r
0000096       0   5   ,       2   0   1   9  \r  \n  \r  \n  \r  \n   v
0000112   e   r   s   i   o   n   (   "   v   e   r   0   1   _   r   e
0000128   l   0   1   "   )  \r  \n   g   a   m   e   (   n   a   m   e
0000144   =   "   d   o   t   s   "   ,       n   p   l   a   y   e   r
0000160   =   2   ,       n   r   o   w   =   9   ,       n   c   o   l
0000176   =   8   ,       n   m   o   v   e   =   1   6   1   ,       t
0000192   s   =   "   2   0   1   9   0   9   0   5   _   1   6   5   0
0000208   0   5   "   )  \r  \n   m   o   v   e   s   (   [   (   1   ,
0000224   1   0   ,   2   )   ,       (   2   ,   9   ,   3   )   ,    
0000240   (   1   ,   1   ,   7   )   ,       (   2   ,   5   ,   4   )
0000256   ,       (   1   ,   8   ,   6   )   ,       (   2   ,   1   0
0000272   ,   1   )   ,       (   1   ,   2   ,   8   )   ,  \r  \n   (
0000288   2   ,   7   ,   8   )   ,       (   1   ,   9   ,   3   )   ,
0000304       (   2   ,   2   ,   3   )   ,       (   1   ,   4   ,   9
0000320   )   ,       (   2   ,   8   ,   8   )   ,       (   1   ,   8
0000336   ,   4   )   ,       (   2   ,   8   ,   1   )   ,       (   1
0000352   ,   3   ,   5   )   ,  \r  \n   (   2   ,   6   ,   8   )   ,
0000368       (   1   ,   2   ,   7   )   ,       (   2   ,   1   0   ,
0000384   6   )   ,       (   1   ,   3   ,   1   )   ,       (   2   ,
0000400   2   ,   5   )   ,       (   1   ,   7   ,   4   )   ,       (
0000416   2   ,   1   ,   1   )   ,       (   1   ,   9   ,   9   )   ,
0000432  \r  \n   (   2   ,   4   ,   6   )   ,       (   1   ,   7   ,
0000448   2   )   ,       (   2   ,   8   ,   4   )   ,       (   1   ,
0000464   3   ,   6   )   ,       (   2   ,   4   ,   3   )   ,       (
0000480   1   ,   1   ,   7   )   ,       (   2   ,   2   ,   1   )   ,
0000496       (   1   ,   1   ,   4   )   ,  \r  \n   (   2   ,   2   ,
0000512   4   )   ,       (   1   ,   3   ,   4   )   ,       (   2   ,
0000528   1   ,   8   )   ,       (   1   ,   5   ,   7   )   ,       (
0000544   2   ,   8   ,   8   )   ,       (   1   ,   6   ,   2   )   ,
0000560       (   2   ,   3   ,   2   )   ,       (   1   ,   6   ,   4
0000576   )   ,  \r  \n   (   2   ,   4   ,   2   )   ,       (   1   ,
0000592   1   ,   6   )   ,       (   2   ,   2   ,   5   )   ,       (
0000608   1   ,   4   ,   8   )   ,       (   2   ,   7   ,   5   )   ,
0000624       (   1   ,   5   ,   3   )   ,       (   2   ,   9   ,   5
0000640   )   ,       (   1   ,   1   ,   3   )   ,  \r  \n   (   2   ,
0000656   1   0   ,   7   )   ,       (   1   ,   1   0   ,   4   )   ,
0000672       (   2   ,   3   ,   3   )   ,       (   1   ,   8   ,   6
0000688   )   ,       (   2   ,   7   ,   2   )   ,       (   1   ,   9
0000704   ,   6   )   ,       (   2   ,   4   ,   7   )   ,  \r  \n   (
0000720   1   ,   3   ,   9   )   ,       (   2   ,   4   ,   1   )   ,
0000736       (   1   ,   5   ,   6   )   ,       (   2   ,   7   ,   7
0000752   )   ,       (   1   ,   9   ,   1   )   ,       (   2   ,   7
0000768   ,   3   )   ,       (   1   ,   5   ,   2   )   ,       (   2
0000784   ,   1   ,   5   )   ,  \r  \n   (   1   ,   2   ,   1   )   ,
0000800       (   2   ,   2   ,   3   )   ,       (   1   ,   5   ,   7
0000816   )   ,       (   2   ,   1   ,   9   )   ,       (   1   ,   1
0000832   ,   2   )   ,       (   2   ,   9   ,   8   )   ,       (   1
0000848   ,   4   ,   5   )   ,       (   2   ,   6   ,   1   )   ,  \r
0000864  \n   (   1   ,   6   ,   5   )   ,       (   2   ,   7   ,   6
0000880   )   ,       (   1   ,   5   ,   5   )   ,       (   2   ,   5
0000896   ,   9   )   ,       (   1   ,   5   ,   1   )   ,       (   2
0000912   ,   2   ,   9   )   ,       (   1   ,   4   ,   4   )   ,    
0000928   (   2   ,   8   ,   7   )   ,  \r  \n   (   1   ,   6   ,   1
0000944   )   ,       (   2   ,   7   ,   1   )   ,       (   2   ,   5
0000960   ,   1   )   ,       (   2   ,   4   ,   1   )   ,       (   2
0000976   ,   7   ,   1   )   ,       (   2   ,   6   ,   7   )   ,    
0000992   (   1   ,   6   ,   7   )   ,       (   1   ,   5   ,   8   )
0001008   ,  \r  \n   (   1   ,   1   ,   3   )   ,       (   2   ,   1
0001024   ,   4   )   ,       (   2   ,   1   ,   5   )   ,       (   2
0001040   ,   1   ,   6   )   ,       (   2   ,   2   ,   6   )   ,    
0001056   (   2   ,   2   ,   6   )   ,       (   2   ,   3   ,   5   )
0001072   ,       (   2   ,   8   ,   3   )   ,  \r  \n   (   1   ,   8
0001088   ,   3   )   ,       (   1   ,   7   ,   3   )   ,       (   1
0001104   ,   8   ,   2   )   ,       (   1   ,   4   ,   5   )   ,    
0001120   (   2   ,   3   ,   6   )   ,       (   2   ,   3   ,   7   )
0001136   ,       (   2   ,   4   ,   6   )   ,       (   2   ,   4   ,
0001152   7   )   ,  \r  \n   (   2   ,   4   ,   8   )   ,       (   2
0001168   ,   5   ,   8   )   ,       (   2   ,   6   ,   8   )   ,    
0001184   (   2   ,   6   ,   9   )   ,       (   2   ,   3   ,   3   )
0001200   ,       (   1   ,   2   ,   4   )   ,       (   1   ,   3   ,
0001216   4   )   ,       (   1   ,   4   ,   3   )   ,  \r  \n   (   1
0001232   ,   4   ,   4   )   ,       (   1   ,   5   ,   3   )   ,    
0001248   (   1   ,   5   ,   4   )   ,       (   1   ,   5   ,   5   )
0001264   ,       (   1   ,   6   ,   3   )   ,       (   1   ,   1   ,
0001280   1   )   ,       (   2   ,   1   ,   2   )   ,       (   2   ,
0001296   2   ,   2   )   ,  \r  \n   (   2   ,   2   ,   2   )   ,    
0001312   (   2   ,   3   ,   1   )   ,       (   2   ,   3   ,   2   )
0001328   ,       (   2   ,   4   ,   2   )   ,       (   2   ,   5   ,
0001344   2   )   ,       (   2   ,   6   ,   2   )   ,       (   2   ,
0001360   6   ,   3   )   ,       (   2   ,   6   ,   4   )   ,  \r  \n
0001376   (   2   ,   7   ,   4   )   ,       (   2   ,   7   ,   5   )
0001392   ,       (   2   ,   8   ,   5   )   ,       (   2   ,   8   ,
0001408   5   )   ,       (   2   ,   9   ,   4   )   ,       (   2   ,
0001424   8   ,   7   )   ,       (   1   ,   9   ,   7   )   ,       (
0001440   1   ,   9   ,   7   )   ,  \r  \n   (   1   ,   9   ,   6   )
0001456   ,       (   1   ,   6   ,   6   )   ,       (   2   ,   5   ,
0001472   6   )   ,       (   2   ,   6   ,   5   )   ,       (   2   ,
0001488   6   ,   6   )   ,       (   2   ,   7   ,   6   )   ,       (
0001504   2   ,   7   ,   7   )   ,       (   2   ,   7   ,   8   )   ,
0001520  \r  \n   (   2   ,   7   ,   9   )   ,       (   2   ,   3   ,
0001536   8   )   ,       (   1   ,   3   ,   8   )   ,       (   1   ,
0001552   3   ,   7   )   ,       (   1   ,   2   ,   8   )   ,       (
0001568   1   ,   1   ,   8   )   ,       (   1   ,   2   ,   7   )   ,
0001584       (   1   ,   9   ,   4   )   ,  \r  \n   (   2   ,   1   0
0001600   ,   3   )   ,       (   2   ,   9   ,   5   )   ,       (   2
0001616   ,   1   0   ,   5   )   ,       (   2   ,   8   ,   1   )   ,
0001632       (   1   ,   8   ,   2   )   ,       (   1   ,   9   ,   2
0001648   )   ,       (   1   ,   9   ,   2   )   ,  \r  \n   (   1   ,
0001664   9   ,   1   )   ,       (   1   ,   1   0   ,   8   )   ,    
0001680   (   2   ,   9   ,   8   )   ,       (   2   ,   8   ,   9   )
0001696   ]   )  \r  \n   r   e   s   u   l   t   s   (   (   1   ,   2
0001712   7   )   ,       (   2   ,   4   5   )   )  \r  \n  \r  \n   g
0001728   a   m   e   (   n   a   m   e   =   "   d   o   t   s   "   ,
0001744       n   p   l   a   y   e   r   =   2   ,       n   r   o   w
0001760   =   9   ,       n   c   o   l   =   8   ,       n   m   o   v
0001776   e   =   1   6   1   ,       t   s   =   "   2   0   1   9   0
0001792   9   0   5   _   1   6   5   0   1   0   "   )  \r  \n   m   o
0001808   v   e   s   (   [   (   2   ,   9   ,   3   )   ,       (   1
0001824   ,   4   ,   8   )   ,       (   2   ,   5   ,   3   )   ,    
0001840   (   1   ,   5   ,   2   )   ,       (   2   ,   1   0   ,   7
0001856   )   ,       (   1   ,   8   ,   8   )   ,       (   2   ,   6
0001872   ,   8   )   ,  \r  \n   (   1   ,   4   ,   7   )   ,       (
0001888   2   ,   5   ,   7   )   ,       (   1   ,   3   ,   8   )   ,
0001904       (   2   ,   7   ,   8   )   ,       (   1   ,   3   ,   7
0001920   )   ,       (   2   ,   2   ,   3   )   ,       (   1   ,   2
0001936   ,   4   )   ,       (   2   ,   4   ,   1   )   ,  \r  \n   (
0001952   1   ,   5   ,   8   )   ,       (   2   ,   4   ,   2   )   ,
0001968       (   1   ,   6   ,   1   )   ,       (   2   ,   1   0   ,
0001984   1   )   ,       (   1   ,   3   ,   6   )   ,       (   2   ,
0002000   6   ,   6   )   ,       (   1   ,   8   ,   8   )   ,       (
0002016   2   ,   6   ,   4   )   ,  \r  \n   (   1   ,   7   ,   1   )
0002032   ,       (   2   ,   8   ,   3   )   ,       (   1   ,   9   ,
0002048   6   )   ,       (   2   ,   7   ,   6   )   ,       (   1   ,
0002064   9   ,   7   )   ,       (   2   ,   1   ,   3   )   ,       (
0002080   1   ,   7   ,   6   )   ,       (   2   ,   8   ,   2   )   ,
0002096  \r  \n   (   1   ,   2   ,   8   )   ,       (   2   ,   1   ,
0002112   7   )   ,       (   1   ,   9   ,   2   )   ,       (   2   ,
0002128   3   ,   1   )   ,       (   1   ,   1   ,   8   )   ,       (
0002144   2   ,   2   ,   7   )   ,       (   1   ,   6   ,   3   )   ,
0002160       (   2   ,   5   ,   2   )   ,  \r  \n   (   1   ,   1   ,
0002176   8   )   ,       (   2   ,   3   ,   3   )   ,       (   1   ,
0002192   8   ,   7   )   ,       (   2   ,   9   ,   4   )   ,       (
0002208   1   ,   3   ,   5   )   ,       (   2   ,   8   ,   6   )   ,
0002224       (   1   ,   2   ,   1   )   ,       (   2   ,   3   ,   4
0002240   )   ,  \r  \n   (   1   ,   6   ,   1   )   ,       (   2   ,
0002256   9   ,   4   )   ,       (   1   ,   3   ,   3   )   ,       (
0002272   2   ,   1   0   ,   2   )   ,       (   1   ,   8   ,   5   )
0002288   ,       (   2   ,   5   ,   7   )   ,       (   1   ,   1   0
0002304   ,   8   )   ,  \r  \n   (   2   ,   2   ,   1   )   ,       (
0002320   1   ,   9   ,   9   )   ,       (   2   ,   7   ,   2   )   ,
0002336       (   1   ,   4   ,   4   )   ,       (   2   ,   4   ,   5
0002352   )   ,       (   1   ,   9   ,   1   )   ,       (   2   ,   5
0002368   ,   5   )   ,       (   1   ,   2   ,   2   )   ,  \r  \n   (
0002384   2   ,   7   ,   3   )   ,       (   1   ,   1   ,   1   )   ,
0002400       (   2   ,   5   ,   5   )   ,       (   1   ,   8   ,   4
0002416   )   ,       (   2   ,   7   ,   7   )   ,       (   1   ,   5
0002432   ,   6   )   ,       (   2   ,   4   ,   1   )   ,       (   1
0002448   ,   1   ,   5   )   ,  \r  \n   (   2   ,   1   ,   6   )   ,
0002464       (   1   ,   7   ,   4   )   ,       (   2   ,   1   0   ,
0002480   5   )   ,       (   1   ,   8   ,   1   )   ,       (   2   ,
0002496   1   ,   2   )   ,       (   1   ,   4   ,   4   )   ,       (
0002512   2   ,   1   ,   6   )   ,       (   1   ,   1   ,   4   )   ,
0002528  \r  \n   (   2   ,   7   ,   2   )   ,       (   1   ,   7   ,
0002544   1   )   ,       (   1   ,   6   ,   2   )   ,       (   1   ,
0002560   7   ,   3   )   ,       (   1   ,   7   ,   4   )   ,       (
0002576   1   ,   7   ,   5   )   ,       (   1   ,   7   ,   5   )   ,
0002592       (   1   ,   6   ,   6   )   ,  \r  \n   (   2   ,   6   ,
0002608   7   )   ,       (   2   ,   5   ,   6   )   ,       (   2   ,
0002624   6   ,   5   )   ,       (   2   ,   6   ,   5   )   ,       (
0002640   2   ,   6   ,   4   )   ,       (   2   ,   6   ,   3   )   ,
0002656       (   2   ,   6   ,   2   )   ,       (   2   ,   5   ,   3
0002672   )   ,  \r  \n   (   2   ,   5   ,   4   )   ,       (   2   ,
0002688   5   ,   4   )   ,       (   2   ,   4   ,   5   )   ,       (
0002704   2   ,   4   ,   6   )   ,       (   2   ,   8   ,   2   )   ,
0002720       (   1   ,   8   ,   1   )   ,       (   1   ,   8   ,   3
0002736   )   ,       (   1   ,   8   ,   4   )   ,  \r  \n   (   1   ,
0002752   8   ,   5   )   ,       (   1   ,   9   ,   5   )   ,       (
0002768   1   ,   9   ,   5   )   ,       (   1   ,   1   0   ,   4   )
0002784   ,       (   1   ,   4   ,   8   )   ,       (   2   ,   4   ,
0002800   7   )   ,       (   2   ,   4   ,   9   )   ,       (   2   ,
0002816   4   ,   6   )   ,  \r  \n   (   2   ,   3   ,   6   )   ,    
0002832   (   2   ,   3   ,   5   )   ,       (   2   ,   3   ,   4   )
0002848   ,       (   2   ,   4   ,   3   )   ,       (   2   ,   4   ,
0002864   3   )   ,       (   2   ,   4   ,   2   )   ,       (   2   ,
0002880   5   ,   1   )   ,       (   2   ,   5   ,   1   )   ,  \r  \n
0002896   (   2   ,   1   ,   1   )   ,       (   1   ,   1   ,   2   )
0002912   ,       (   1   ,   1   ,   3   )   ,       (   1   ,   1   ,
0002928   4   )   ,       (   1   ,   1   ,   5   )   ,       (   1   ,
0002944   2   ,   5   )   ,       (   1   ,   2   ,   4   )   ,       (
0002960   2   ,   2   ,   5   )   ,  \r  \n   (   2   ,   2   ,   6   )
0002976   ,       (   2   ,   2   ,   3   )   ,       (   2   ,   2   ,
0002992   6   )   ,       (   2   ,   1   ,   7   )   ,       (   2   ,
0003008   2   ,   7   )   ,       (   2   ,   3   ,   7   )   ,       (
0003024   2   ,   3   ,   8   )   ,       (   2   ,   3   ,   9   )   ,
0003040  \r  \n   (   2   ,   9   ,   6   )   ,       (   1   ,   1   0
0003056   ,   6   )   ,       (   1   ,   8   ,   6   )   ,       (   1
0003072   ,   7   ,   7   )   ,       (   1   ,   8   ,   7   )   ,    
0003088   (   2   ,   9   ,   7   )   ,       (   2   ,   7   ,   8   )
0003104   ,       (   2   ,   7   ,   9   )   ,  \r  \n   (   2   ,   9
0003120   ,   8   )   ,       (   2   ,   9   ,   8   )   ,       (   2
0003136   ,   8   ,   9   )   ,       (   2   ,   2   ,   9   )   ,    
0003152   (   1   ,   2   ,   8   )   ,       (   1   ,   1   ,   9   )
0003168   ,       (   1   ,   6   ,   9   )   ,       (   2   ,   6   ,
0003184   8   )   ,  \r  \n   (   2   ,   6   ,   7   )   ,       (   2
0003200   ,   5   ,   8   )   ,       (   2   ,   5   ,   9   )   ,    
0003216   (   2   ,   9   ,   2   )   ,       (   1   ,   9   ,   3   )
0003232   ,       (   1   ,   1   0   ,   3   )   ,       (   1   ,   9
0003248   ,   1   )   ,       (   1   ,   3   ,   2   )   ,  \r  \n   (
0003264   2   ,   2   ,   2   )   ,       (   2   ,   3   ,   2   )   ,
0003280       (   2   ,   3   ,   1   )   ]   )  \r  \n   r   e   s   u
0003296   l   t   s   (   (   1   ,   2   6   )   ,       (   2   ,   4
0003312   6   )   )  \r  \n  \r  \n   g   a   m   e   (   n   a   m   e
0003328   =   "   d   o   t   s   "   ,       n   p   l   a   y   e   r
0003344   =   2   ,       n   r   o   w   =   9   ,       n   c   o   l
0003360   =   8   ,       n   m   o   v   e   =   1   6   1   ,       t
0003376   s   =   "   2   0   1   9   0   9   0   5   _   1   6   5   0
0003392   1   4   "   )  \r  \n   m   o   v   e   s   (   [   (   2   ,
0003408   6   ,   6   )   ,       (   1   ,   6   ,   1   )   ,       (
0003424   2   ,   1   ,   1   )   ,       (   1   ,   7   ,   9   )   ,
0003440       (   2   ,   2   ,   5   )   ,       (   1   ,   5   ,   6
0003456   )   ,       (   2   ,   4   ,   5   )   ,  \r  \n   (   1   ,
0003472   4   ,   7   )   ,       (   2   ,   1   ,   8   )   ,       (
0003488   1   ,   1   ,   2   )   ,       (   2   ,   9   ,   7   )   ,
0003504       (   1   ,   3   ,   6   )   ,       (   2   ,   7   ,   4
0003520   )   ,       (   1   ,   7   ,   7   )   ,       (   2   ,   6
0003536   ,   6   )   ,  \r  \n   (   1   ,   9   ,   5   )   ,       (
0003552   2   ,   1   ,   5   )   ,       (   1   ,   6   ,   1   )   ,
0003568       (   2   ,   9   ,   9   )   ,       (   1   ,   3   ,   5
0003584   )   ,       (   2   ,   6   ,   4   )   ,       (   1   ,   4
0003600   ,   5   )   ,       (   2   ,   9   ,   1   )   ,  \r  \n   (
0003616   1   ,   5   ,   4   )   ,       (   2   ,   2   ,   7   )   ,
0003632       (   1   ,   8   ,   8   )   ,       (   2   ,   8   ,   2
0003648   )   ,       (   1   ,   3   ,   9   )   ,       (   2   ,   8
0003664   ,   1   )   ,       (   1   ,   9   ,   2   )   ,       (   2
0003680   ,   7   ,   1   )   ,  \r  \n   (   1   ,   5   ,   3   )   ,
0003696       (   2   ,   3   ,   2   )   ,       (   1   ,   9   ,   3
0003712   )   ,       (   2   ,   3   ,   4   )   ,       (   1   ,   3
0003728   ,   1   )   ,       (   2   ,   8   ,   7   )   ,       (   1
0003744   ,   3   ,   7   )   ,       (   2   ,   8   ,   5   )   ,  \r
0003760  \n   (   1   ,   5   ,   8   )   ,       (   2   ,   6   ,   3
0003776   )   ,       (   1   ,   9   ,   8   )   ,       (   2   ,   3
0003792   ,   1   )   ,       (   1   ,   1   0   ,   6   )   ,       (
0003808   2   ,   9   ,   5   )   ,       (   1   ,   5   ,   2   )   ,
0003824       (   2   ,   8   ,   1   )   ,  \r  \n   (   1   ,   8   ,
0003840   4   )   ,       (   2   ,   2   ,   1   )   ,       (   1   ,
0003856   1   0   ,   3   )   ,       (   2   ,   2   ,   3   )   ,    
0003872   (   1   ,   5   ,   9   )   ,       (   2   ,   5   ,   7   )
0003888   ,       (   1   ,   7   ,   7   )   ,       (   2   ,   2   ,
0003904   9   )   ,  \r  \n   (   1   ,   7   ,   5   )   ,       (   2
0003920   ,   1   0   ,   2   )   ,       (   1   ,   8   ,   6   )   ,
0003936       (   2   ,   3   ,   8   )   ,       (   1   ,   6   ,   9
0003952   )   ,       (   2   ,   4   ,   2   )   ,       (   1   ,   1
0003968   ,   3   )   ,       (   2   ,   1   ,   9   )   ,  \r  \n   (
0003984   1   ,   4   ,   3   )   ,       (   2   ,   1   ,   7   )   ,
0004000       (   1   ,   8   ,   9   )   ,       (   2   ,   4   ,   6
0004016   )   ,       (   1   ,   9   ,   4   )   ,       (   2   ,   3
0004032   ,   3   )   ,       (   1   ,   1   ,   7   )   ,       (   2
0004048   ,   2   ,   4   )   ,  \r  \n   (   1   ,   5   ,   5   )   ,
0004064       (   2   ,   1   ,   6   )   ,       (   1   ,   1   ,   1
0004080   )   ,       (   2   ,   6   ,   2   )   ,       (   1   ,   4
0004096   ,   9   )   ,       (   2   ,   6   ,   8   )   ,       (   1
0004112   ,   4   ,   1   )   ,       (   2   ,   2   ,   5   )   ,  \r
0004128  \n   (   1   ,   7   ,   2   )   ,       (   2   ,   8   ,   3
0004144   )   ,       (   1   ,   8   ,   3   )   ,       (   1   ,   7
0004160   ,   8   )   ,       (   2   ,   7   ,   8   )   ,       (   2
0004176   ,   8   ,   7   )   ,       (   2   ,   8   ,   8   )   ,    
0004192   (   2   ,   6   ,   8   )   ,  \r  \n   (   2   ,   9   ,   8
0004208   )   ,       (   2   ,   1   0   ,   8   )   ,       (   2   ,
0004224   5   ,   8   )   ,       (   2   ,   2   ,   8   )   ,       (
0004240   1   ,   1   ,   8   )   ,       (   1   ,   2   ,   7   )   ,
0004256       (   1   ,   2   ,   8   )   ,       (   1   ,   3   ,   8
0004272   )   ,  \r  \n   (   1   ,   4   ,   8   )   ,       (   1   ,
0004288   4   ,   8   )   ,       (   1   ,   4   ,   7   )   ,       (
0004304   1   ,   3   ,   7   )   ,       (   1   ,   3   ,   6   )   ,
0004320       (   1   ,   3   ,   5   )   ,       (   1   ,   2   ,   6
0004336   )   ,       (   1   ,   2   ,   6   )   ,  \r  \n   (   1   ,
0004352   1   ,   6   )   ,       (   1   ,   1   ,   5   )   ,       (
0004368   1   ,   9   ,   3   )   ,       (   2   ,   9   ,   4   )   ,
0004384       (   2   ,   9   ,   2   )   ,       (   2   ,   1   0   ,
0004400   4   )   ,       (   2   ,   8   ,   2   )   ,       (   2   ,
0004416   9   ,   1   )   ,  \r  \n   (   2   ,   1   0   ,   1   )   ,
0004432       (   2   ,   9   ,   7   )   ,       (   1   ,   1   0   ,
0004448   7   )   ,       (   1   ,   4   ,   1   )   ,       (   2   ,
0004464   3   ,   2   )   ,       (   2   ,   5   ,   1   )   ,       (
0004480   2   ,   5   ,   1   )   ,  \r  \n   (   2   ,   6   ,   5   )
0004496   ,       (   1   ,   5   ,   5   )   ,       (   1   ,   4   ,
0004512   6   )   ,       (   1   ,   5   ,   6   )   ,       (   1   ,
0004528   5   ,   7   )   ,       (   1   ,   6   ,   7   )   ,       (
0004544   1   ,   6   ,   7   )   ,       (   1   ,   7   ,   6   )   ,
0004560  \r  \n   (   1   ,   7   ,   6   )   ,       (   1   ,   7   ,
0004576   5   )   ,       (   1   ,   6   ,   5   )   ,       (   1   ,
0004592   6   ,   4   )   ,       (   1   ,   5   ,   4   )   ,       (
0004608   1   ,   5   ,   3   )   ,       (   1   ,   5   ,   2   )   ,
0004624       (   1   ,   4   ,   2   )   ,  \r  \n   (   1   ,   3   ,
0004640   3   )   ,       (   1   ,   4   ,   3   )   ,       (   1   ,
0004656   4   ,   4   )   ,       (   1   ,   4   ,   4   )   ,       (
0004672   1   ,   3   ,   4   )   ,       (   1   ,   2   ,   4   )   ,
0004688       (   1   ,   2   ,   3   )   ,       (   1   ,   1   ,   2
0004704   )   ,  \r  \n   (   2   ,   2   ,   2   )   ,       (   2   ,
0004720   2   ,   1   )   ,       (   2   ,   2   ,   2   )   ,       (
0004736   2   ,   8   ,   4   )   ,       (   1   ,   8   ,   5   )   ,
0004752       (   1   ,   7   ,   4   )   ,       (   1   ,   8   ,   6
0004768   )   ,       (   1   ,   9   ,   6   )   ,  \r  \n   (   1   ,
0004784   9   ,   6   )   ,       (   1   ,   1   0   ,   5   )   ,    
0004800   (   1   ,   6   ,   3   )   ,       (   2   ,   6   ,   2   )
0004816   ,       (   2   ,   7   ,   1   )   ,       (   2   ,   7   ,
0004832   2   )   ,       (   2   ,   7   ,   3   )   ,       (   2   ,
0004848   7   ,   3   )   ,  \r  \n   (   2   ,   1   ,   4   )   ,    
0004864   (   1   ,   1   ,   4   )   ,       (   1   ,   1   ,   3   )
0004880   ]   )  \r  \n   r   e   s   u   l   t   s   (   (   1   ,   4
0004896   6   )   ,       (   2   ,   2   6   )   )  \r  \n
0004909
